871 898
604 7
613 718
247 987
643 690
708 194
738 866
835 778
28 976
348 564
597 960
605 681
378 190
477 698
403 705
128 854
472 224
414 697
955 920
898 448
330 329
747 763
186 700
82 946
353 945
248 228
712 440
443 684
400 834
718 82
811 499
544 936
74 783
43 348
256 569
953 72
28 657
159 668
905 898
535 425
956 672
85 385
442 757
509 856
906 653
824 120
631 574
216 915
488 759
701 526
86 486
414 186
706 3
37 700
389 553
440 42
512 296
406 126
964 952
600 307
962 458
734 558
499 159
470 661
342 123
966 98
88 587
821 256
559 954
720 542
746 237
56 752
653 929
176 91
609 812
753 912
73 646
352 749
288 36
306 419
84 829
247 680
120 561
543 226
328 713
343 703
290 92
619 756
52 266
999 57
61 718
272 318
181 842
388 384
672 419
348 725
839 508
953 428
372 279
170 24
656 751
714 718
624 604
417 580
75 104
443 354
316 618
443 465
603 356
880 764
207 530
330 739
880 685
716 432
251 72
210 588
121 159
868 477
612 513
359 261
421 470
397 219
46 7
145 114
129 737
634 262
181 976
404 473
434 657
483 338
963 663
764 322
38 753
572 413
415 909
184 797
688 47
700 428
665 616
523 866
921 978
690 599
923 714
690 736
454 156
108 345
824 588
637 419
204 583
33 935
489 135
526 83
507 44
70 41
972 454
648 123
754 440
56 336
154 636
12 35
213 850
343 448
767 148
740 604
69 143
894 839
635 502
779 896
972 753
905 453
124 128
93 437
706 108
219 532
895 867
247 652
4 64
813 80
764 58
972 421
330 150
909 350
522 209
272 899
791 435
48 824
54 419
496 218
925 493
479 260
358 777
31 419
336 821
979 988
52 647
238 375
850 83
386 117
351 934
648 984
112 736
800 326
166 497
575 135
871 844
680 790
289 968
595 955
733 434
609 418
330 119
396 530
974 833
814 347
766 382
850 157
100 680
716 767
733 569
177 421
994 169
920 250
347 916
156 740
264 839
771 437
58 675
354 820
826 92
220 868
848 551
225 434
301 621
619 415
641 327
666 816
520 601
416 381
946 198
988 586
873 505
836 402
508 259
205 942
184 72
850 199
927 64
264 659
518 951
430 702
278 712
925 400
728 483
726 4
755 456
706 318
834 754
737 446
427 878
243 666
657 952
312 673
905 83
461 831
466 809
510 818
3 271
813 297
958 451
796 397
67 232
596 197
625 198
618 804
275 977
574 801
525 272
172 584
805 895
640 886
739 818
666 596
556 732
595 881
143 774
863 432
416 672
454 833
997 379
770 257
803 794
367 905
802 327
330 625
25 517
664 499
289 306
301 353
283 658
605 707
708 977
358 861
914 368
89 268
699 66
97 105
178 256
714 216
387 635
192 958
531 566
83 64
272 496
676 761
65 61
14 175
107 612
107 663
945 130
783 38
854 278
909 929
349 13
478 286
893 652
864 446
566 870
15 492
618 848
960 403
297 529
820 628
87 839
475 594
763 615
432 201
910 76
410 975
178 979
875 495
112 138
202 701
217 246
319 402
128 28
332 441
849 296
504 116
728 834
906 778
555 510
40 523
223 997
422 861
271 638
656 258
909 251
770 214
188 43
846 218
23 583
46 840
933 923
387 436
8 1
71 950
73 628
921 863
925 116
537 50
161 409
344 115
304 297
662 760
166 614
278 32
135 524
144 730
505 687
921 890
606 366
882 781
426 646
1 593
888 161
674 327
940 861
28 783
901 736
495 909
915 283
337 295
576 90
337 290
344 153
805 929
638 621
898 161
233 474
855 22
127 9
356 30
190 977
951 245
84 211
448 642
631 423
20 143
55 974
35 661
953 979
940 117
266 848
239 575
331 890
526 593
165 803
459 503
137 902
384 766
743 153
640 46
696 926
577 247
451 996
919 939
905 47
700 921
116 799
53 160
288 333
988 200
109 655
816 649
168 414
235 500
50 344
991 678
932 433
62 611
89 59
555 407
977 974
874 447
36 443
109 456
458 602
549 483
425 403
731 848
806 438
521 594
107 32
613 422
926 643
593 548
696 845
144 723
482 809
91 712
306 654
716 676
224 402
760 347
670 967
444 564
55 902
131 328
553 379
703 226
351 845
899 898
937 264
580 509
835 779
206 645
727 297
247 185
788 366
481 479
201 230
20 416
818 762
226 603
607 613
876 83
525 846
202 213
628 562
916 718
43 559
695 717
792 305
1 117
932 828
667 313
10 296
98 314
377 603
380 34
464 572
485 81
451 731
338 451
319 205
31 341
320 749
821 841
384 14
849 821
640 622
259 691
712 894
185 470
60 165
204 249
638 688
250 922
118 355
250 122
84 862
323 929
955 990
18 316
893 967
782 200
199 177
969 640
114 490
846 846
588 47
109 731
731 674
857 89
986 621
761 292
796 536
989 253
72 121
945 6
646 500
861 326
191 116
958 765
62 344
52 671
957 290
522 132
510 600
703 642
43 289
43 13
365 41
224 999
767 681
74 923
1 957
636 972
351 401
152 950
71 28
87 309
957 772
466 369
904 358
331 301
841 808
258 464
966 892
674 659
784 88
43 936
191 716
142 914
74 555
112 488
223 18
667 312
305 302
720 40
522 274
398 407
984 564
959 457
171 354
214 958
448 520
73 513
947 332
831 55
683 178
689 929
603 881
880 38
814 98
321 910
770 117
823 830
754 144
435 583
872 209
525 61
533 29
139 286
586 818
328 625
352 512
34 79
643 176
713 576
233 641
125 178
705 935
580 184
643 182
650 934
895 7
733 420
699 315
620 563
570 484
912 685
373 87
400 577
763 200
29 950
306 615
763 989
967 564
244 828
669 376
774 812
15 331
172 308
529 75
867 273
597 183
949 459
671 772
656 718
297 7
742 120
568 77
993 474
186 577
386 806
529 4
399 528
395 511
481 891
563 729
338 918
601 151
686 579
511 877
229 424
401 14
1 531
763 996
292 97
988 815
735 398
265 900
784 349
300 786
461 26
396 397
111 857
413 873
199 790
423 281
918 169
760 644
167 553
404 881
494 166
564 746
580 12
914 535
964 89
369 150
711 408
961 123
519 679
703 793
559 225
474 558
813 360
308 176
477 99
871 942
374 241
500 975
235 280
291 709
964 151
467 106
48 740
358 576
176 334
163 952
697 694
589 146
939 241
719 274
135 996
342 409
47 481
421 655
536 932
900 701
33 381
980 568
227 741
35 327
754 115
137 117
92 846
776 116
45 216
730 659
440 42
171 713
322 17
800 292
873 293
751 505
437 826
301 72
742 701
689 266
614 34
170 561
158 472
318 764
299 133
767 321
773 754
171 934
315 965
476 948
326 542
755 1
822 833
576 524
334 228
414 494
225 357
338 989
380 732
587 312
345 176
960 991
997 80
20 190
334 311
26 742
614 212
591 178
542 880
719 647
1 760
679 875
407 454
624 57
42 88
13 194
828 670
381 742
839 855
31 20
677 228
765 161
365 613
728 498
431 548
675 142
974 459
622 878
686 785
87 746
520 377
687 224
292 80
283 295
591 500
484 52
768 135
79 493
364 47
323 218
671 661
692 826
287 754
356 344
189 172
948 204
511 230
225 26
563 131
945 104
10 903
673 425
595 473
896 140
296 703
240 269
13 150
492 232
244 969
320 283
569 246
549 553
629 980
410 726
145 324
912 256
425 665
201 324
54 972
269 974
781 729
688 363
453 741
45 225
641 247
664 328
666 52
956 101
450 20
835 172
182 378
903 75
415 452
677 878
812 138
148 308
151 238
879 407
947 120
592 333
88 873
878 122
713 79
982 679
37 250
258 3
541 171
882 64
375 671
939 707
789 375
948 795
623 86
422 709
539 123
429 123
681 764
683 3
48 760
355 285
835 463
722 221
272 717
904 962
751 333
962 548
330 803
903 11
515 79
712 209
177 282
78 429
658 461
370 280
994 460
66 225
50 20
812 7
549 672
804 27
237 67
616 329
513 570
596 219
829 554
793 565
326 621
642 105
599 94
832 148
356 962
412 661
847 737
767 133
879 476
957 102
8 245
849 268
112 968
722 376
140 373
854 726
655 324
778 209
26 663
867 735
126 568
752 730
223 569
338 68
403 257
315 475
43 336
216 401
813 278
612 585
784 557
448 207
719 335
409 72
257 405
398 51
139 589
356 130
932 95
781 502
116 151
884 681
447 536
661 473
868 656
981 429
100 23
184 639
82 849
99 225
569 107
514 570
500 240
776 822
891 112
917 235
649 331
283 27
236 364
667 979
26 466
328 458
527 202
715 183
483 948
196 573
82 911
316 512
490 411
141 408
773 932
407 568
691 2
695 249
184 188
813 883
550 688
428 690
378 598
871 531
474 989
792 915
603 530
556 102
331 396
809 470
312 297
151 590
325 901
694 369
705 598
730 524
888 664
618 705
866 240
770 865
990 511
87 325
466 273
925 399
408 956
525 773
534 437
574 39
131 103
930 453
671 984
717 510
645 483
330 416
965 117
931 736
921 88
